#####  Trial 1 #####

gap> WALrabbit([act, [1],[3]]);
WALrabbit called with the following arguments: 
args[1] = Group( [ (1,5)(2,4)(3,6), (1,2,3)(4,5,6) ] )
args[2] = [ 1 ]
args[3] = [ 3 ]

uacalc file: /home/williamdemeo/Dropbox/ClosureCore/UACalcFiles/WALrabbits/WAL-S3.ua

---  CONGRUENCES of (B,G) --- 
[ [ 1, 5 ], [ 3, 4 ], [ 2, 6 ] ]
[ [ 1, 2, 3 ], [ 4, 5, 6 ] ]
[ [ 1, 4 ], [ 3, 6 ], [ 2, 5 ] ]
[ [ 1, 6 ], [ 3, 5 ], [ 2, 4 ] ]

tie-points: a=[ 1 ];  b=[ 3 ];

--- MINIMAL SETS --- 
B0    = [ 1, 2, 3, 4, 5, 6 ]
BB[1] = [ 1, 7, 8, 9, 10, 11 ]
BB[2] = [ 8, 12, 13, 14, 15, 16 ]

The size of A is 16. This should equal BB[K+1][N]=BB[2][6]=16

--- OPERATIONS ---

r = [ 1, 2, 3, 4, 5, 6, 1, 1, 1, 1, 1, 2, 3, 4, 5, 6 ]

------ pi's --------
p0 = [ 1, 2, 3, 4, 5, 6, 1, 1, 1, 1, 1, 1, 1, 1, 1, 1 ]
p[1] = [ 1, 1, 1, 1, 1, 1, 7, 8, 9, 10, 11, 8, 8, 8, 8, 8 ]
p[2] = [ 8, 8, 8, 8, 8, 8, 8, 8, 8, 8, 8, 12, 13, 14, 15, 16 ]

------ qij's --------
q[1][1] = [ 1, 1, 1, 1, 1, 1, 7, 8, 9, 10, 11, 8, 8, 8, 8, 8 ]
q[1][2] = [ 8, 8, 8, 8, 8, 8, 12, 13, 14, 15, 16, 13, 13, 13, 13, 13 ]
q[2][1] = [ 1, 1, 1, 1, 1, 1, 1, 1, 1, 1, 1, 7, 8, 9, 10, 11 ]
q[2][2] = [ 8, 8, 8, 8, 8, 8, 8, 8, 8, 8, 8, 12, 13, 14, 15, 16 ]

------ gip0's --------
g1p0 = [ 5, 4, 6, 2, 1, 3, 5, 5, 5, 5, 5, 5, 5, 5, 5, 5 ]
g2p0 = [ 2, 3, 1, 5, 6, 4, 2, 2, 2, 2, 2, 2, 2, 2, 2, 2 ]


#####  Trial 2 #####

gap> WALrabbit([act, [1,3], [4,6]]);
WALrabbit called with the following arguments: 
args[1] = Group( [ (1,5)(2,4)(3,6), (1,2,3)(4,5,6) ] )
args[2] = [ 1, 3 ]
args[3] = [ 4, 6 ]

uacalc file: /home/williamdemeo/Dropbox/ClosureCore/UACalcFiles/WALrabbits/WAL-S3.ua

---  CONGRUENCES of (B,G) --- 
[ [ 1, 5 ], [ 3, 4 ], [ 2, 6 ] ]
[ [ 1, 2, 3 ], [ 4, 5, 6 ] ]
[ [ 1, 4 ], [ 3, 6 ], [ 2, 5 ] ]
[ [ 1, 6 ], [ 3, 5 ], [ 2, 4 ] ]

tie-points: a=[ 1, 3 ];  b=[ 4, 6 ];

--- MINIMAL SETS --- 
B0    = [ 1, 2, 3, 4, 5, 6 ]
BB[1] = [ 1, 7, 8, 9, 10, 11 ]
BB[2] = [ 12, 13, 9, 14, 15, 16 ]
BB[3] = [ 16, 17, 18, 19, 20, 21 ]

The size of A is 21. This should equal BB[K+1][N]=BB[3][6]=21

--- OPERATIONS ---

r = [ 1, 2, 3, 4, 5, 6, 1, 1, 1, 1, 1, 1, 1, 1, 1, 1, 2, 3, 4, 5, 6 ]

------ pi's --------
p0 = [ 1, 2, 3, 4, 5, 6, 1, 1, 1, 1, 1, 1, 1, 1, 1, 1, 1, 1, 1, 1, 1 ]
p[1] = [ 1, 1, 1, 1, 1, 1, 7, 8, 9, 10, 11, 9, 9, 9, 9, 9, 9, 9, 9, 9, 9 ]
p[2] = [ 9, 9, 9, 9, 9, 9, 9, 9, 9, 9, 9, 12, 13, 14, 15, 16, 16, 16, 16, 16, 16 ]
p[3] = [ 16, 16, 16, 16, 16, 16, 16, 16, 16, 16, 16, 16, 16, 16, 16, 16, 17, 18, 19, 20, 21 ]

------ qij's --------
q[1][1] = [ 1, 1, 1, 1, 1, 1, 7, 8, 9, 10, 11, 9, 9, 9, 9, 9, 9, 9, 9, 9, 9 ]
q[1][2] = [ 12, 12, 12, 12, 12, 12, 13, 9, 14, 15, 16, 14, 14, 14, 14, 14, 14, 14, 14, 14, 14 ]
q[1][3] = [ 16, 16, 16, 16, 16, 16, 17, 18, 19, 20, 21, 19, 19, 19, 19, 19, 19, 19, 19, 19, 19 ]
q[2][1] = [ 8, 8, 8, 8, 8, 8, 8, 8, 8, 8, 8, 1, 7, 9, 10, 11, 11, 11, 11, 11, 11 ]
q[2][2] = [ 9, 9, 9, 9, 9, 9, 9, 9, 9, 9, 9, 12, 13, 14, 15, 16, 16, 16, 16, 16, 16 ]
q[2][3] = [ 18, 18, 18, 18, 18, 18, 18, 18, 18, 18, 18, 16, 17, 19, 20, 21, 21, 21, 21, 21, 21 ]
q[3][1] = [ 1, 1, 1, 1, 1, 1, 1, 1, 1, 1, 1, 1, 1, 1, 1, 1, 7, 8, 9, 10, 11 ]
q[3][2] = [ 12, 12, 12, 12, 12, 12, 12, 12, 12, 12, 12, 12, 12, 12, 12, 12, 13, 9, 14, 15, 16 ]
q[3][3] = [ 16, 16, 16, 16, 16, 16, 16, 16, 16, 16, 16, 16, 16, 16, 16, 16, 17, 18, 19, 20, 21 ]

------ gip0's --------
g1p0 = [ 5, 4, 6, 2, 1, 3, 5, 5, 5, 5, 5, 5, 5, 5, 5, 5, 5, 5, 5, 5, 5 ]
g2p0 = [ 2, 3, 1, 5, 6, 4, 2, 2, 2, 2, 2, 2, 2, 2, 2, 2, 2, 2, 2, 2, 2 ]

